5.000000e-01
5.000005e-01
5.000024e-01
5.000067e-01
5.000143e-01
5.000262e-01
5.000433e-01
5.000666e-01
5.000969e-01
5.001353e-01
5.001826e-01
5.002397e-01
5.003076e-01
5.003871e-01
5.004790e-01
5.005844e-01
5.007039e-01
5.008386e-01
5.009890e-01
5.011562e-01
5.013409e-01
5.015438e-01
5.017657e-01
5.020074e-01
5.022695e-01
5.025528e-01
5.028580e-01
5.031857e-01
5.035367e-01
5.039114e-01
5.043105e-01
5.047346e-01
5.051842e-01
5.056600e-01
5.061623e-01
5.066917e-01
5.072486e-01
5.078335e-01
5.084469e-01
5.090890e-01
5.097603e-01
5.104611e-01
5.111917e-01
5.119525e-01
5.127437e-01
5.135655e-01
5.144182e-01
5.153020e-01
5.162170e-01
5.171634e-01
5.181414e-01
5.191509e-01
5.201922e-01
5.212652e-01
5.223700e-01
5.235067e-01
5.246751e-01
5.258753e-01
5.271071e-01
5.283706e-01
5.296656e-01
5.309920e-01
5.323496e-01
5.337383e-01
5.351579e-01
5.366082e-01
5.380890e-01
5.396000e-01
5.411411e-01
5.427118e-01
5.443119e-01
5.459412e-01
5.475993e-01
5.492858e-01
5.510005e-01
5.527428e-01
5.545125e-01
5.563092e-01
5.581324e-01
5.599817e-01
5.618567e-01
5.637570e-01
5.656821e-01
5.676315e-01
5.696049e-01
5.716016e-01
5.736212e-01
5.756631e-01
5.777270e-01
5.798123e-01
5.819185e-01
5.840449e-01
5.861912e-01
5.883569e-01
5.905412e-01
5.927438e-01
5.949640e-01
5.972013e-01
5.994551e-01
6.017250e-01
6.040103e-01
6.063106e-01
6.086252e-01
6.109536e-01
6.132952e-01
6.156495e-01
6.180159e-01
6.203939e-01
6.227829e-01
6.251824e-01
6.275918e-01
6.300107e-01
6.324383e-01
6.348742e-01
6.373180e-01
6.397689e-01
6.422265e-01
6.446903e-01
6.471598e-01
6.496345e-01
6.521138e-01
6.545972e-01
6.570843e-01
6.595745e-01
6.620674e-01
6.645625e-01
6.670593e-01
6.695573e-01
6.720561e-01
6.745553e-01
6.770543e-01
6.795528e-01
6.820502e-01
6.845462e-01
6.870404e-01
6.895323e-01
6.920216e-01
6.945078e-01
6.969905e-01
6.994694e-01
7.019441e-01
7.044142e-01
7.068794e-01
7.093393e-01
7.117935e-01
7.142417e-01
7.166836e-01
7.191188e-01
7.215472e-01
7.239682e-01
7.263817e-01
7.287874e-01
7.311848e-01
7.335739e-01
7.359543e-01
7.383257e-01
7.406880e-01
7.430407e-01
7.453838e-01
7.477169e-01
7.500399e-01
7.523525e-01
7.546545e-01
7.569457e-01
7.592258e-01
7.614949e-01
7.637525e-01
7.659986e-01
7.682329e-01
7.704554e-01
7.726658e-01
7.748640e-01
7.770499e-01
7.792233e-01
7.813840e-01
7.835320e-01
7.856671e-01
7.877892e-01
7.898982e-01
7.919940e-01
7.940764e-01
7.961455e-01
7.982011e-01
8.002431e-01
8.022714e-01
8.042860e-01
8.062868e-01
8.082737e-01
8.102468e-01
8.122058e-01
8.141508e-01
8.160817e-01
8.179985e-01
8.199012e-01
8.217897e-01
8.236639e-01
8.255239e-01
8.273697e-01
8.292012e-01
8.310183e-01
8.328212e-01
8.346098e-01
8.363841e-01
8.381441e-01
8.398897e-01
8.416210e-01
8.433381e-01
8.450409e-01
8.467295e-01
8.484038e-01
8.500639e-01
8.517098e-01
8.533416e-01
8.549592e-01
8.565627e-01
8.581522e-01
8.597276e-01
8.612890e-01
8.628365e-01
8.643701e-01
8.658898e-01
8.673958e-01
8.688880e-01
8.703664e-01
8.718312e-01
8.732825e-01
8.747202e-01
8.761443e-01
8.775551e-01
8.789526e-01
8.803368e-01
8.817077e-01
8.830654e-01
8.844101e-01
8.857417e-01
8.870603e-01
8.883662e-01
8.896591e-01
8.909394e-01
8.922069e-01
8.934619e-01
8.947043e-01
8.959343e-01
8.971519e-01
8.983573e-01
8.995504e-01
9.007315e-01
9.019005e-01
9.030575e-01
9.042026e-01
9.053359e-01
9.064575e-01
9.075674e-01
9.086658e-01
9.097527e-01
9.108283e-01
9.118925e-01
9.129455e-01
9.139874e-01
9.150182e-01
9.160380e-01
9.170470e-01
9.180452e-01
9.190326e-01
9.200094e-01
9.209757e-01
9.219316e-01
9.228770e-01
9.238122e-01
9.247372e-01
9.256521e-01
9.265569e-01
9.274518e-01
9.283369e-01
9.292121e-01
9.300777e-01
9.309337e-01
9.317801e-01
9.326171e-01
9.334448e-01
9.342632e-01
9.350724e-01
9.358726e-01
9.366636e-01
9.374458e-01
9.382191e-01
9.389837e-01
9.397395e-01
9.404868e-01
9.412255e-01
9.419558e-01
9.426777e-01
9.433914e-01
9.440968e-01
9.447941e-01
9.454834e-01
9.461647e-01
9.468381e-01
9.475037e-01
9.481615e-01
9.488118e-01
9.494544e-01
9.500895e-01
9.507172e-01
9.513375e-01
9.519506e-01
9.525564e-01
9.531552e-01
9.537468e-01
9.543315e-01
9.549092e-01
9.554801e-01
9.560443e-01
9.566017e-01
9.571525e-01
9.576967e-01
9.582344e-01
9.587657e-01
9.592907e-01
9.598094e-01
9.603218e-01
9.608281e-01
9.613283e-01
9.618224e-01
9.623106e-01
9.627929e-01
9.632694e-01
9.637401e-01
9.642051e-01
9.646645e-01
9.651182e-01
9.655665e-01
9.660093e-01
9.664466e-01
9.668787e-01
9.673054e-01
9.677269e-01
9.681433e-01
9.685546e-01
9.689608e-01
9.693620e-01
9.697583e-01
9.701498e-01
9.705363e-01
9.709181e-01
9.712952e-01
9.716676e-01
9.720354e-01
9.723986e-01
9.727574e-01
9.731117e-01
9.734616e-01
9.738071e-01
9.741483e-01
9.744853e-01
9.748181e-01
9.751467e-01
9.754711e-01
9.757916e-01
9.761080e-01
9.764205e-01
9.767290e-01
9.770336e-01
9.773344e-01
9.776315e-01
9.779248e-01
9.782144e-01
9.785004e-01
9.787827e-01
9.790615e-01
9.793367e-01
9.796085e-01
9.798768e-01
9.801418e-01
9.804033e-01
9.806616e-01
9.809166e-01
9.811683e-01
9.814168e-01
9.816622e-01
9.819044e-01
9.821435e-01
9.823796e-01
9.826127e-01
9.828428e-01
9.830700e-01
9.832942e-01
9.835156e-01
9.837341e-01
9.839498e-01
9.841628e-01
9.843730e-01
9.845806e-01
9.847854e-01
9.849876e-01
9.851873e-01
9.853843e-01
9.855788e-01
9.857708e-01
9.859604e-01
9.861474e-01
9.863321e-01
9.865143e-01
9.866943e-01
9.868718e-01
9.870471e-01
9.872201e-01
9.873909e-01
9.875594e-01
9.877258e-01
9.878900e-01
9.880521e-01
9.882120e-01
9.883699e-01
9.885257e-01
9.886795e-01
9.888313e-01
9.889811e-01
9.891289e-01
9.892749e-01
9.894189e-01
9.895610e-01
9.897012e-01
9.898397e-01
9.899763e-01
9.901111e-01
9.902442e-01
9.903755e-01
9.905051e-01
9.906330e-01
9.907592e-01
9.908838e-01
9.910067e-01
9.911280e-01
9.912477e-01
9.913658e-01
9.914824e-01
9.915974e-01
9.917109e-01
9.918230e-01
9.919335e-01
9.920426e-01
9.921502e-01
9.922565e-01
9.923612e-01
9.924647e-01
9.925668e-01
9.926674e-01
9.927669e-01
9.928649e-01
9.929616e-01
9.930571e-01
9.931513e-01
9.932443e-01
9.933360e-01
9.934265e-01
9.935158e-01
9.936039e-01
9.936909e-01
9.937767e-01
9.938613e-01
9.939448e-01
9.940273e-01
9.941086e-01
9.941888e-01
9.942679e-01
9.943460e-01
9.944231e-01
9.944991e-01
9.945741e-01
9.946481e-01
9.947211e-01
9.947932e-01
9.948643e-01
9.949344e-01
9.950036e-01
9.950718e-01
9.951392e-01
9.952056e-01
9.952711e-01
9.953358e-01
9.953997e-01
9.954626e-01
9.955247e-01
9.955860e-01
9.956464e-01
9.957060e-01
9.957649e-01
9.958229e-01
9.958802e-01
9.959367e-01
9.959924e-01
9.960474e-01
9.961016e-01
9.961551e-01
9.962079e-01
9.962600e-01
9.963113e-01
9.963620e-01
9.964120e-01
9.964613e-01
9.965100e-01
9.965580e-01
9.966053e-01
9.966520e-01
9.966981e-01
9.967435e-01
9.967884e-01
9.968326e-01
9.968762e-01
9.969193e-01
9.969617e-01
9.970036e-01
9.970449e-01
9.970856e-01
9.971258e-01
9.971655e-01
9.972046e-01
9.972432e-01
9.972813e-01
9.973188e-01
9.973558e-01
9.973924e-01
9.974284e-01
9.974639e-01
9.974989e-01
9.975336e-01
9.975677e-01
9.976013e-01
9.976345e-01
9.976672e-01
9.976995e-01
9.977313e-01
9.977627e-01
9.977937e-01
9.978243e-01
9.978544e-01
9.978842e-01
9.979135e-01
9.979424e-01
9.979709e-01
9.979991e-01
9.980268e-01
9.980542e-01
9.980812e-01
9.981079e-01
9.981341e-01
9.981601e-01
9.981856e-01
9.982108e-01
9.982356e-01
9.982601e-01
9.982843e-01
9.983082e-01
9.983317e-01
9.983549e-01
9.983778e-01
9.984004e-01
9.984226e-01
9.984446e-01
9.984663e-01
9.984876e-01
9.985086e-01
9.985294e-01
9.985499e-01
9.985701e-01
9.985901e-01
9.986097e-01
9.986291e-01
9.986482e-01
9.986671e-01
9.986857e-01
9.987040e-01
9.987221e-01
9.987399e-01
9.987575e-01
9.987748e-01
9.987919e-01
9.988088e-01
9.988254e-01
9.988418e-01
9.988580e-01
9.988740e-01
9.988897e-01
9.989052e-01
9.989206e-01
9.989356e-01
9.989505e-01
9.989652e-01
9.989797e-01
9.989940e-01
9.990081e-01
9.990219e-01
9.990357e-01
9.990491e-01
9.990625e-01
9.990756e-01
9.990885e-01
9.991013e-01
9.991139e-01
9.991263e-01
9.991386e-01
9.991506e-01
9.991626e-01
9.991743e-01
9.991859e-01
9.991973e-01
9.992086e-01
9.992197e-01
9.992306e-01
9.992415e-01
9.992521e-01
9.992626e-01
9.992729e-01
9.992832e-01
9.992933e-01
9.993032e-01
9.993130e-01
9.993227e-01
9.993321e-01
9.993415e-01
9.993508e-01
9.993599e-01
9.993690e-01
9.993778e-01
9.993865e-01
9.993952e-01
9.994037e-01
9.994121e-01
9.994204e-01
9.994286e-01
9.994366e-01
9.994445e-01
9.994524e-01
9.994601e-01
9.994677e-01
9.994752e-01
9.994826e-01
9.994899e-01
9.994971e-01
9.995041e-01
9.995112e-01
9.995180e-01
9.995248e-01
9.995316e-01
9.995382e-01
9.995447e-01
9.995511e-01
9.995574e-01
9.995637e-01
9.995699e-01
9.995760e-01
9.995819e-01
9.995878e-01
9.995937e-01
9.995994e-01
9.996051e-01
9.996107e-01
9.996161e-01
9.996216e-01
9.996269e-01
9.996322e-01
9.996374e-01
9.996426e-01
9.996476e-01
9.996526e-01
9.996575e-01
9.996623e-01
9.996671e-01
9.996719e-01
9.996765e-01
9.996811e-01
9.996856e-01
9.996901e-01
9.996945e-01
9.996988e-01
9.997030e-01
9.997072e-01
9.997114e-01
9.997155e-01
9.997195e-01
9.997235e-01
9.997274e-01
9.997313e-01
9.997351e-01
9.997389e-01
9.997426e-01
9.997462e-01
9.997498e-01
9.997534e-01
9.997569e-01
9.997603e-01
9.997637e-01
9.997671e-01
9.997704e-01
9.997737e-01
9.997768e-01
9.997801e-01
9.997832e-01
9.997863e-01
9.997893e-01
9.997923e-01
9.997953e-01
9.997981e-01
9.998010e-01
9.998038e-01
9.998066e-01
9.998094e-01
9.998121e-01
9.998147e-01
9.998174e-01
9.998200e-01
9.998226e-01
9.998251e-01
9.998276e-01
9.998301e-01
9.998325e-01
9.998348e-01
9.998372e-01
9.998395e-01
9.998418e-01
9.998441e-01
9.998463e-01
9.998485e-01
9.998506e-01
9.998528e-01
9.998549e-01
9.998569e-01
9.998590e-01
9.998610e-01
9.998630e-01
9.998649e-01
9.998668e-01
9.998688e-01
9.998706e-01
9.998724e-01
9.998743e-01
9.998761e-01
9.998779e-01
9.998796e-01
9.998813e-01
9.998830e-01
9.998847e-01
9.998863e-01
9.998879e-01
9.998896e-01
9.998911e-01
9.998927e-01
9.998942e-01
9.998958e-01
9.998972e-01
9.998987e-01
9.999002e-01
9.999015e-01
9.999030e-01
9.999043e-01
9.999057e-01
9.999071e-01
9.999084e-01
9.999097e-01
9.999110e-01
9.999123e-01
9.999135e-01
9.999148e-01
9.999160e-01
9.999172e-01
9.999184e-01
9.999195e-01
9.999207e-01
9.999219e-01
9.999229e-01
9.999241e-01
9.999251e-01
9.999262e-01
9.999273e-01
9.999283e-01
9.999294e-01
9.999304e-01
9.999313e-01
9.999323e-01
9.999333e-01
9.999343e-01
9.999352e-01
9.999362e-01
9.999371e-01
9.999380e-01
9.999388e-01
9.999397e-01
9.999406e-01
9.999415e-01
9.999423e-01
9.999431e-01
9.999439e-01
9.999447e-01
9.999455e-01
9.999463e-01
9.999471e-01
9.999478e-01
9.999486e-01
9.999493e-01
9.999501e-01
9.999508e-01
9.999515e-01
9.999522e-01
9.999529e-01
9.999536e-01
9.999542e-01
9.999549e-01
9.999555e-01
9.999561e-01
9.999568e-01
9.999574e-01
9.999580e-01
9.999586e-01
9.999592e-01
9.999598e-01
9.999604e-01
9.999610e-01
9.999615e-01
9.999621e-01
9.999626e-01
9.999632e-01
9.999637e-01
9.999642e-01
9.999647e-01
9.999653e-01
9.999657e-01
9.999662e-01
9.999667e-01
9.999672e-01
9.999676e-01
9.999681e-01
9.999686e-01
9.999691e-01
9.999695e-01
9.999699e-01
9.999704e-01
9.999708e-01
9.999712e-01
9.999716e-01
9.999720e-01
9.999724e-01
9.999728e-01
9.999732e-01
9.999736e-01
9.999740e-01
9.999744e-01
9.999747e-01
9.999751e-01
9.999754e-01
9.999758e-01
9.999762e-01
9.999765e-01
9.999768e-01
9.999772e-01
9.999775e-01
9.999778e-01
9.999781e-01
9.999785e-01
9.999788e-01
9.999791e-01
9.999794e-01
9.999797e-01
9.999800e-01
9.999803e-01
9.999806e-01
9.999808e-01
9.999811e-01
9.999814e-01
9.999816e-01
9.999819e-01
9.999822e-01
9.999824e-01
9.999827e-01
9.999830e-01
9.999832e-01
9.999834e-01
9.999837e-01
9.999839e-01
9.999841e-01
9.999844e-01
9.999846e-01
9.999848e-01
9.999850e-01
9.999853e-01
9.999855e-01
9.999857e-01
9.999859e-01
9.999861e-01
9.999863e-01
9.999865e-01
9.999867e-01
9.999869e-01
9.999871e-01
9.999872e-01
9.999874e-01
9.999876e-01
9.999878e-01
9.999880e-01
9.999881e-01
9.999883e-01
9.999885e-01
9.999887e-01
9.999888e-01
9.999890e-01
9.999892e-01
9.999893e-01
9.999894e-01
9.999896e-01
9.999897e-01
9.999899e-01
9.999900e-01
9.999902e-01
9.999903e-01
9.999905e-01
9.999906e-01
9.999908e-01
9.999909e-01
9.999910e-01
9.999911e-01
9.999913e-01
9.999914e-01
9.999915e-01
9.999917e-01
9.999918e-01
9.999919e-01
9.999920e-01
9.999921e-01
9.999923e-01
9.999924e-01
9.999925e-01
9.999925e-01
9.999927e-01
9.999928e-01
9.999929e-01
9.999930e-01
9.999931e-01
9.999932e-01
9.999933e-01
9.999934e-01
9.999935e-01
9.999936e-01
9.999937e-01
9.999937e-01
9.999939e-01
9.999939e-01
9.999940e-01
9.999941e-01
9.999942e-01
9.999943e-01
9.999944e-01
9.999945e-01
9.999945e-01
9.999946e-01
9.999947e-01
9.999948e-01
9.999949e-01
9.999949e-01
9.999950e-01
9.999951e-01
9.999951e-01
9.999952e-01
9.999953e-01
9.999954e-01
9.999954e-01
9.999955e-01
9.999955e-01
9.999956e-01
9.999957e-01
9.999958e-01
9.999958e-01
9.999959e-01
9.999959e-01
9.999960e-01
9.999961e-01
9.999961e-01
9.999962e-01
9.999962e-01
9.999962e-01
9.999963e-01
9.999964e-01
9.999964e-01
9.999965e-01
9.999965e-01
9.999966e-01
9.999966e-01
9.999967e-01
9.999967e-01
9.999968e-01
9.999968e-01
9.999968e-01
9.999969e-01
9.999970e-01
9.999970e-01
9.999970e-01
9.999971e-01
9.999971e-01
9.999972e-01
9.999972e-01
9.999973e-01
9.999973e-01
9.999973e-01
9.999974e-01
9.999974e-01
9.999974e-01
9.999975e-01
9.999975e-01
9.999976e-01
9.999976e-01
9.999976e-01
9.999977e-01
9.999977e-01
9.999977e-01
9.999978e-01
9.999978e-01
9.999979e-01
9.999979e-01
9.999979e-01
9.999979e-01
9.999980e-01
9.999980e-01
9.999980e-01
9.999980e-01
9.999981e-01
