2.499949e-01
2.499644e-01
2.499034e-01
2.498119e-01
2.496900e-01
2.495377e-01
2.493552e-01
2.491424e-01
2.488995e-01
2.486267e-01
2.483240e-01
2.479916e-01
2.476297e-01
2.472384e-01
2.468179e-01
2.463684e-01
2.458902e-01
2.453834e-01
2.448484e-01
2.442853e-01
2.436944e-01
2.430761e-01
2.424305e-01
2.417580e-01
2.410590e-01
2.403336e-01
2.395824e-01
2.388055e-01
2.380034e-01
2.371765e-01
2.363250e-01
2.354494e-01
2.345501e-01
2.336275e-01
2.326820e-01
2.317140e-01
2.307239e-01
2.297121e-01
2.286791e-01
2.276254e-01
2.265513e-01
2.254574e-01
2.243440e-01
2.232117e-01
2.220609e-01
2.208921e-01
2.197057e-01
2.185023e-01
2.172823e-01
2.160461e-01
2.147944e-01
2.135274e-01
2.122459e-01
2.109502e-01
2.096407e-01
2.083181e-01
2.069828e-01
2.056352e-01
2.042759e-01
2.029054e-01
2.015241e-01
2.001325e-01
1.987310e-01
1.973203e-01
1.959007e-01
1.944727e-01
1.930368e-01
1.915934e-01
1.901430e-01
1.886861e-01
1.872231e-01
1.857544e-01
1.842806e-01
1.828020e-01
1.813191e-01
1.798323e-01
1.783420e-01
1.768487e-01
1.753527e-01
1.738545e-01
1.723545e-01
1.708530e-01
1.693505e-01
1.678474e-01
1.663439e-01
1.648405e-01
1.633375e-01
1.618354e-01
1.603344e-01
1.588348e-01
1.573371e-01
1.558416e-01
1.543485e-01
1.528582e-01
1.513710e-01
1.498872e-01
1.484070e-01
1.469309e-01
1.454589e-01
1.439915e-01
1.425289e-01
1.410713e-01
1.396190e-01
1.381723e-01
1.367313e-01
1.352963e-01
1.338675e-01
1.324451e-01
1.310294e-01
1.296206e-01
1.282187e-01
1.268241e-01
1.254369e-01
1.240572e-01
1.226853e-01
1.213213e-01
1.199654e-01
1.186176e-01
1.172782e-01
1.159473e-01
1.146251e-01
1.133115e-01
1.120068e-01
1.107111e-01
1.094244e-01
1.081469e-01
1.068787e-01
1.056199e-01
1.043705e-01
1.031306e-01
1.019003e-01
1.006797e-01
9.946878e-02
9.826769e-02
9.707644e-02
9.589508e-02
9.472366e-02
9.356223e-02
9.241082e-02
9.126945e-02
9.013817e-02
8.901699e-02
8.790593e-02
8.680502e-02
8.571426e-02
8.463366e-02
8.356324e-02
8.250298e-02
8.145290e-02
8.041298e-02
7.938322e-02
7.836362e-02
7.735415e-02
7.635480e-02
7.536555e-02
7.438638e-02
7.341726e-02
7.245817e-02
7.150909e-02
7.056996e-02
6.964078e-02
6.872149e-02
6.781206e-02
6.691244e-02
6.602261e-02
6.514250e-02
6.427209e-02
6.341132e-02
6.256014e-02
6.171850e-02
6.088634e-02
6.006362e-02
5.925028e-02
5.844627e-02
5.765151e-02
5.686596e-02
5.608957e-02
5.532225e-02
5.456395e-02
5.381462e-02
5.307419e-02
5.234258e-02
5.161974e-02
5.090560e-02
5.020009e-02
4.950315e-02
4.881470e-02
4.813468e-02
4.746301e-02
4.679964e-02
4.614448e-02
4.549747e-02
4.485853e-02
4.422760e-02
4.360460e-02
4.298946e-02
4.238211e-02
4.178247e-02
4.119048e-02
4.060606e-02
4.002913e-02
3.945963e-02
3.889749e-02
3.834262e-02
3.779497e-02
3.725445e-02
3.672098e-02
3.619451e-02
3.567496e-02
3.516226e-02
3.465632e-02
3.415709e-02
3.366448e-02
3.317844e-02
3.269888e-02
3.222574e-02
3.175895e-02
3.129844e-02
3.084412e-02
3.039595e-02
2.995384e-02
2.951774e-02
2.908756e-02
2.866324e-02
2.824472e-02
2.783193e-02
2.742480e-02
2.702326e-02
2.662724e-02
2.623669e-02
2.585154e-02
2.547172e-02
2.509717e-02
2.472782e-02
2.436362e-02
2.400449e-02
2.365038e-02
2.330122e-02
2.295696e-02
2.261753e-02
2.228287e-02
2.195293e-02
2.162764e-02
2.130694e-02
2.099078e-02
2.067910e-02
2.037184e-02
2.006895e-02
1.977037e-02
1.947604e-02
1.918592e-02
1.889993e-02
1.861804e-02
1.834018e-02
1.806631e-02
1.779638e-02
1.753032e-02
1.726809e-02
1.700965e-02
1.675493e-02
1.650389e-02
1.625648e-02
1.601265e-02
1.577236e-02
1.553555e-02
1.530218e-02
1.507221e-02
1.484558e-02
1.462226e-02
1.440219e-02
1.418533e-02
1.397164e-02
1.376108e-02
1.355360e-02
1.334915e-02
1.314771e-02
1.294922e-02
1.275365e-02
1.256096e-02
1.237110e-02
1.218404e-02
1.199973e-02
1.181814e-02
1.163924e-02
1.146297e-02
1.128931e-02
1.111823e-02
1.094967e-02
1.078361e-02
1.062002e-02
1.045885e-02
1.030008e-02
1.014366e-02
9.989576e-03
9.837780e-03
9.688244e-03
9.540937e-03
9.395825e-03
9.252877e-03
9.112064e-03
8.973353e-03
8.836715e-03
8.702120e-03
8.569539e-03
8.438942e-03
8.310301e-03
8.183589e-03
8.058776e-03
7.935835e-03
7.814740e-03
7.695463e-03
7.577978e-03
7.462259e-03
7.348281e-03
7.236017e-03
7.125444e-03
7.016535e-03
6.909268e-03
6.803617e-03
6.699560e-03
6.597073e-03
6.496132e-03
6.396716e-03
6.298801e-03
6.202367e-03
6.107390e-03
6.013849e-03
5.921724e-03
5.830993e-03
5.741636e-03
5.653633e-03
5.566963e-03
5.481607e-03
5.397545e-03
5.314758e-03
5.233227e-03
5.152934e-03
5.073860e-03
4.995987e-03
4.919298e-03
4.843773e-03
4.769397e-03
4.696153e-03
4.624022e-03
4.552989e-03
4.483037e-03
4.414150e-03
4.346313e-03
4.279509e-03
4.213723e-03
4.148940e-03
4.085144e-03
4.022321e-03
3.960457e-03
3.899537e-03
3.839546e-03
3.780471e-03
3.722298e-03
3.665014e-03
3.608605e-03
3.553058e-03
3.498359e-03
3.444497e-03
3.391459e-03
3.339231e-03
3.287803e-03
3.237161e-03
3.187295e-03
3.138192e-03
3.089840e-03
3.042229e-03
2.995347e-03
2.949183e-03
2.903726e-03
2.858967e-03
2.814893e-03
2.771494e-03
2.728761e-03
2.686684e-03
2.645252e-03
2.604455e-03
2.564284e-03
2.524730e-03
2.485783e-03
2.447434e-03
2.409673e-03
2.372492e-03
2.335882e-03
2.299835e-03
2.264341e-03
2.229393e-03
2.194981e-03
2.161098e-03
2.127737e-03
2.094887e-03
2.062544e-03
2.030697e-03
1.999340e-03
1.968466e-03
1.938066e-03
1.908134e-03
1.878662e-03
1.849644e-03
1.821073e-03
1.792941e-03
1.765242e-03
1.737970e-03
1.711118e-03
1.684679e-03
1.658647e-03
1.633016e-03
1.607780e-03
1.582933e-03
1.558469e-03
1.534381e-03
1.510665e-03
1.487314e-03
1.464323e-03
1.441686e-03
1.419398e-03
1.397454e-03
1.375848e-03
1.354576e-03
1.333631e-03
1.313009e-03
1.292706e-03
1.272715e-03
1.253033e-03
1.233655e-03
1.214575e-03
1.195790e-03
1.177295e-03
1.159085e-03
1.141156e-03
1.123504e-03
1.106124e-03
1.089012e-03
1.072165e-03
1.055578e-03
1.039247e-03
1.023168e-03
1.007337e-03
9.917506e-04
9.764050e-04
9.612964e-04
9.464211e-04
9.317756e-04
9.173563e-04
9.031597e-04
8.891824e-04
8.754211e-04
8.618724e-04
8.485330e-04
8.353997e-04
8.224694e-04
8.097388e-04
7.972050e-04
7.848649e-04
7.727155e-04
7.607539e-04
7.489772e-04
7.373825e-04
7.259671e-04
7.147281e-04
7.036629e-04
6.927687e-04
6.820430e-04
6.714831e-04
6.610865e-04
6.508506e-04
6.407731e-04
6.308514e-04
6.210831e-04
6.114659e-04
6.019974e-04
5.926754e-04
5.834975e-04
5.744617e-04
5.655655e-04
5.568070e-04
5.481840e-04
5.396943e-04
5.313361e-04
5.231071e-04
5.150054e-04
5.070291e-04
4.991762e-04
4.914448e-04
4.838330e-04
4.763390e-04
4.689610e-04
4.616972e-04
4.545457e-04
4.475049e-04
4.405731e-04
4.337486e-04
4.270297e-04
4.204148e-04
4.139023e-04
4.074906e-04
4.011781e-04
3.949633e-04
3.888447e-04
3.828208e-04
3.768902e-04
3.710514e-04
3.653030e-04
3.596436e-04
3.540718e-04
3.485862e-04
3.431856e-04
3.378686e-04
3.326339e-04
3.274803e-04
3.224065e-04
3.174112e-04
3.124933e-04
3.076515e-04
3.028847e-04
2.981917e-04
2.935714e-04
2.890226e-04
2.845443e-04
2.801353e-04
2.757946e-04
2.715211e-04
2.673138e-04
2.631717e-04
2.590937e-04
2.550789e-04
2.511262e-04
2.472348e-04
2.434037e-04
2.396318e-04
2.359185e-04
2.322626e-04
2.286633e-04
2.251198e-04
2.216312e-04
2.181966e-04
2.148153e-04
2.114863e-04
2.082088e-04
2.049822e-04
2.018055e-04
1.986781e-04
1.955990e-04
1.925677e-04
1.895834e-04
1.866453e-04
1.837527e-04
1.809049e-04
1.781012e-04
1.753410e-04
1.726235e-04
1.699481e-04
1.673142e-04
1.647211e-04
1.621682e-04
1.596548e-04
1.571803e-04
1.547442e-04
1.523459e-04
1.499847e-04
1.476601e-04
1.453715e-04
1.431183e-04
1.409001e-04
1.387163e-04
1.365663e-04
1.344496e-04
1.323657e-04
1.303141e-04
1.282943e-04
1.263057e-04
1.243481e-04
1.224207e-04
1.205232e-04
1.186551e-04
1.168159e-04
1.150053e-04
1.132227e-04
1.114677e-04
1.097400e-04
1.080390e-04
1.063644e-04
1.047157e-04
1.030925e-04
1.014946e-04
9.992134e-05
9.837252e-05
9.684769e-05
9.534649e-05
9.386856e-05
9.241353e-05
9.098105e-05
8.957077e-05
8.818235e-05
8.681545e-05
8.546973e-05
8.414486e-05
8.284054e-05
8.155643e-05
8.029221e-05
7.904759e-05
7.782227e-05
7.661593e-05
7.542829e-05
7.425905e-05
7.310794e-05
7.197467e-05
7.085897e-05
6.976055e-05
6.867916e-05
6.761454e-05
6.656641e-05
6.553453e-05
6.451864e-05
6.351850e-05
6.253386e-05
6.156448e-05
6.061013e-05
5.967056e-05
5.874557e-05
5.783491e-05
5.693836e-05
5.605572e-05
5.518675e-05
5.433125e-05
5.348901e-05
5.265983e-05
5.184350e-05
5.103982e-05
5.024860e-05
4.946965e-05
4.870276e-05
4.794777e-05
4.720448e-05
4.647271e-05
4.575228e-05
4.504302e-05
4.434476e-05
4.365732e-05
4.298053e-05
4.231424e-05
4.165827e-05
4.101247e-05
4.037668e-05
3.975075e-05
3.913452e-05
3.852784e-05
3.793057e-05
3.734255e-05
3.676365e-05
3.619373e-05
3.563263e-05
3.508024e-05
3.453641e-05
3.400101e-05
3.347391e-05
3.295498e-05
3.244409e-05
3.194112e-05
3.144595e-05
3.095846e-05
3.047852e-05
3.000603e-05
2.954085e-05
2.908289e-05
2.863203e-05
2.818815e-05
2.775116e-05
2.732094e-05
2.689739e-05
2.648041e-05
2.606989e-05
2.566574e-05
2.526785e-05
2.487612e-05
2.449047e-05
2.411080e-05
2.373702e-05
2.336903e-05
2.300674e-05
2.265007e-05
2.229893e-05
2.195323e-05
2.161289e-05
2.127783e-05
2.094796e-05
2.062321e-05
2.030349e-05
1.998872e-05
1.967884e-05
1.937376e-05
1.907341e-05
1.877771e-05
1.848660e-05
1.820000e-05
1.791785e-05
1.764007e-05
1.736659e-05
1.709736e-05
1.683230e-05
1.657135e-05
1.631444e-05
1.606152e-05
1.581251e-05
1.556737e-05
1.532603e-05
1.508843e-05
1.485451e-05
1.462422e-05
1.439750e-05
1.417429e-05
1.395455e-05
1.373821e-05
1.352522e-05
1.331554e-05
1.310910e-05
1.290587e-05
1.270579e-05
1.250881e-05
1.231488e-05
1.212396e-05
1.193600e-05
1.175096e-05
1.156878e-05
1.138943e-05
1.121285e-05
1.103902e-05
1.086788e-05
1.069939e-05
1.053352e-05
1.037021e-05
1.020944e-05
1.005116e-05
9.895335e-06
9.741925e-06
9.590894e-06
9.442203e-06
9.295818e-06
9.151702e-06
9.009821e-06
8.870139e-06
8.732623e-06
8.597239e-06
8.463953e-06
8.332733e-06
8.203549e-06
8.076367e-06
7.951156e-06
7.827886e-06
7.706529e-06
7.587052e-06
7.469427e-06
7.353626e-06
7.239620e-06
7.127382e-06
7.016884e-06
6.908098e-06
6.801000e-06
6.695561e-06
6.591758e-06
6.489563e-06
6.388953e-06
6.289903e-06
6.192388e-06
6.096385e-06
6.001871e-06
5.908822e-06
5.817215e-06
5.727028e-06
5.638240e-06
5.550828e-06
5.464772e-06
5.380049e-06
5.296640e-06
5.214524e-06
5.133681e-06
5.054092e-06
4.975736e-06
4.898595e-06
4.822650e-06
4.747882e-06
4.674274e-06
4.601807e-06
4.530463e-06
4.460225e-06
4.391077e-06
4.323000e-06
4.255979e-06
4.189996e-06
4.125037e-06
4.061085e-06
3.998124e-06
3.936139e-06
3.875115e-06
3.815038e-06
3.755892e-06
3.697662e-06
3.640336e-06
3.583898e-06
3.528335e-06
3.473634e-06
3.419781e-06
3.366762e-06
3.314566e-06
3.263179e-06
3.212588e-06
3.162782e-06
3.113748e-06
3.065474e-06
3.017948e-06
2.971160e-06
2.925096e-06
2.879747e-06
2.835101e-06
2.791147e-06
2.747875e-06
2.705273e-06
2.663332e-06
2.622041e-06
2.581390e-06
2.541370e-06
2.501969e-06
2.463180e-06
2.424992e-06
2.387397e-06
2.350384e-06
2.313944e-06
2.278070e-06
2.242752e-06
2.207982e-06
2.173750e-06
2.140049e-06
2.106871e-06
2.074207e-06
2.042050e-06
2.010391e-06
1.979223e-06
1.948538e-06
1.918329e-06
1.888588e-06
1.859308e-06
1.830482e-06
1.802103e-06
1.774165e-06
1.746659e-06
1.719579e-06
1.692920e-06
1.666674e-06
1.640835e-06
1.615396e-06
1.590352e-06
1.565695e-06
1.541422e-06
1.517524e-06
1.493997e-06
1.470835e-06
1.448032e-06
1.425582e-06
1.403481e-06
1.381722e-06
1.360300e-06
1.339211e-06
1.318448e-06
1.298008e-06
1.277884e-06
1.258072e-06
1.238568e-06
1.219366e-06
1.200461e-06
1.181850e-06
1.163527e-06
1.145488e-06
1.127729e-06
1.110245e-06
1.093033e-06
1.076087e-06
1.059404e-06
1.042979e-06
1.026809e-06
1.010890e-06
9.952178e-07
9.797883e-07
9.645981e-07
9.496434e-07
9.349206e-07
9.204260e-07
9.061562e-07
8.921076e-07
8.782768e-07
8.646604e-07
8.512551e-07
8.380576e-07
8.250647e-07
8.122733e-07
7.996802e-07
7.872823e-07
7.750767e-07
7.630603e-07
7.512301e-07
7.395834e-07
7.281172e-07
7.168288e-07
7.057154e-07
6.947744e-07
6.840029e-07
6.733984e-07
6.629584e-07
6.526802e-07
6.425613e-07
6.325993e-07
6.227918e-07
6.131363e-07
6.036306e-07
5.942721e-07
5.850588e-07
5.759883e-07
5.670585e-07
5.582670e-07
5.496119e-07
5.410910e-07
5.327021e-07
5.244434e-07
5.163126e-07
5.083079e-07
5.004274e-07
4.926690e-07
4.850309e-07
4.775112e-07
4.701080e-07
4.628197e-07
4.556444e-07
4.485803e-07
4.416257e-07
4.347789e-07
4.280383e-07
4.214022e-07
4.148689e-07
4.084370e-07
4.021048e-07
3.958707e-07
3.897333e-07
3.836911e-07
3.777425e-07
3.718862e-07
3.661206e-07
3.604444e-07
3.548563e-07
3.493547e-07
3.439385e-07
3.386062e-07
3.333566e-07
3.281884e-07
3.231003e-07
3.180911e-07
3.131596e-07
3.083045e-07
3.035247e-07
2.988190e-07
2.941862e-07
2.896253e-07
2.851351e-07
2.807145e-07
2.763624e-07
2.720778e-07
2.678596e-07
2.637068e-07
2.596184e-07
2.555934e-07
2.516308e-07
2.477296e-07
2.438890e-07
2.401078e-07
2.363853e-07
2.327205e-07
2.291125e-07
2.255604e-07
2.220634e-07
2.186207e-07
2.152313e-07
2.118944e-07
2.086093e-07
2.053751e-07
2.021911e-07
1.990564e-07
1.959703e-07
1.929321e-07
1.899409e-07
1.869962e-07
1.840971e-07
1.812429e-07
1.784330e-07
1.756666e-07
1.729432e-07
1.702620e-07
1.676223e-07
1.650235e-07
1.624651e-07
1.599463e-07
1.574666e-07
1.550253e-07
1.526218e-07
1.502557e-07
1.479262e-07
1.456328e-07
1.433749e-07
1.411521e-07
1.389638e-07
1.368093e-07
1.346883e-07
1.326001e-07
1.305444e-07
1.285205e-07
1.265280e-07
1.245663e-07
1.226351e-07
1.207338e-07
1.188620e-07
1.170192e-07
1.152050e-07
1.134189e-07
