0.000000e+00
9.535579e-07
4.766859e-06
1.334329e-05
2.858161e-05
5.237406e-05
8.660455e-05
1.331468e-04
1.938627e-04
2.706001e-04
3.651917e-04
4.794525e-04
6.151788e-04
7.741460e-04
9.581074e-04
1.168792e-03
1.407904e-03
1.677119e-03
1.978085e-03
2.312421e-03
2.681712e-03
3.087512e-03
3.531340e-03
4.014679e-03
4.538977e-03
5.105643e-03
5.716046e-03
6.371518e-03
7.073346e-03
7.822778e-03
8.621017e-03
9.469225e-03
1.036852e-02
1.131996e-02
1.232459e-02
1.338337e-02
1.449724e-02
1.566709e-02
1.689374e-02
1.817799e-02
1.952058e-02
2.092219e-02
2.238348e-02
2.390502e-02
2.548737e-02
2.713103e-02
2.883643e-02
3.060398e-02
3.243402e-02
3.432685e-02
3.628273e-02
3.830187e-02
4.038441e-02
4.253047e-02
4.474012e-02
4.701336e-02
4.935019e-02
5.175051e-02
5.421423e-02
5.674117e-02
5.933114e-02
6.198389e-02
6.469914e-02
6.747656e-02
7.031578e-02
7.321641e-02
7.617800e-02
7.920008e-02
8.228213e-02
8.542361e-02
8.862393e-02
9.188249e-02
9.519862e-02
9.857166e-02
1.020009e-01
1.054856e-01
1.090250e-01
1.126183e-01
1.162647e-01
1.199634e-01
1.237135e-01
1.275140e-01
1.313642e-01
1.352631e-01
1.392097e-01
1.432031e-01
1.472423e-01
1.513263e-01
1.554541e-01
1.596246e-01
1.638369e-01
1.680899e-01
1.723825e-01
1.767137e-01
1.810824e-01
1.854875e-01
1.899279e-01
1.944025e-01
1.989103e-01
2.034501e-01
2.080207e-01
2.126212e-01
2.172504e-01
2.219072e-01
2.265904e-01
2.312990e-01
2.360319e-01
2.407879e-01
2.455659e-01
2.503649e-01
2.551837e-01
2.600213e-01
2.648766e-01
2.697484e-01
2.746359e-01
2.795377e-01
2.844530e-01
2.893807e-01
2.943197e-01
2.992690e-01
3.042276e-01
3.091944e-01
3.141686e-01
3.191491e-01
3.241349e-01
3.291250e-01
3.341186e-01
3.391147e-01
3.441123e-01
3.491106e-01
3.541086e-01
3.591055e-01
3.641005e-01
3.690925e-01
3.740809e-01
3.790647e-01
3.840432e-01
3.890156e-01
3.939811e-01
3.989389e-01
4.038883e-01
4.088285e-01
4.137588e-01
4.186785e-01
4.235869e-01
4.284834e-01
4.333672e-01
4.382377e-01
4.430943e-01
4.479364e-01
4.527634e-01
4.575747e-01
4.623697e-01
4.671479e-01
4.719086e-01
4.766515e-01
4.813759e-01
4.860815e-01
4.907676e-01
4.954338e-01
5.000798e-01
5.047050e-01
5.093089e-01
5.138913e-01
5.184518e-01
5.229897e-01
5.275050e-01
5.319972e-01
5.364659e-01
5.409108e-01
5.453317e-01
5.497280e-01
5.540997e-01
5.584465e-01
5.627679e-01
5.670639e-01
5.713341e-01
5.755783e-01
5.797963e-01
5.839879e-01
5.881528e-01
5.922910e-01
5.964022e-01
6.004862e-01
6.045428e-01
6.085720e-01
6.125736e-01
6.165475e-01
6.204935e-01
6.244116e-01
6.283016e-01
6.321635e-01
6.359971e-01
6.398024e-01
6.435793e-01
6.473278e-01
6.510479e-01
6.547394e-01
6.584023e-01
6.620367e-01
6.656424e-01
6.692196e-01
6.727682e-01
6.762881e-01
6.797794e-01
6.832421e-01
6.866763e-01
6.900819e-01
6.934590e-01
6.968076e-01
7.001278e-01
7.034196e-01
7.066831e-01
7.099183e-01
7.131253e-01
7.163042e-01
7.194551e-01
7.225780e-01
7.256730e-01
7.287402e-01
7.317796e-01
7.347915e-01
7.377759e-01
7.407328e-01
7.436625e-01
7.465649e-01
7.494403e-01
7.522888e-01
7.551103e-01
7.579052e-01
7.606735e-01
7.634153e-01
7.661308e-01
7.688201e-01
7.714834e-01
7.741207e-01
7.767323e-01
7.793182e-01
7.818787e-01
7.844138e-01
7.869237e-01
7.894086e-01
7.918686e-01
7.943039e-01
7.967146e-01
7.991009e-01
8.014629e-01
8.038009e-01
8.061149e-01
8.084052e-01
8.106718e-01
8.129150e-01
8.151349e-01
8.173317e-01
8.195055e-01
8.216566e-01
8.237850e-01
8.258910e-01
8.279747e-01
8.300364e-01
8.320761e-01
8.340940e-01
8.360903e-01
8.380653e-01
8.400189e-01
8.419515e-01
8.438631e-01
8.457541e-01
8.476244e-01
8.494744e-01
8.513041e-01
8.531138e-01
8.549036e-01
8.566737e-01
8.584242e-01
8.601553e-01
8.618673e-01
8.635602e-01
8.652343e-01
8.668896e-01
8.685264e-01
8.701448e-01
8.717450e-01
8.733273e-01
8.748916e-01
8.764383e-01
8.779674e-01
8.794791e-01
8.809736e-01
8.824511e-01
8.839116e-01
8.853555e-01
8.867828e-01
8.881936e-01
8.895882e-01
8.909668e-01
8.923294e-01
8.936762e-01
8.950074e-01
8.963231e-01
8.976235e-01
8.989088e-01
9.001790e-01
9.014344e-01
9.026751e-01
9.039012e-01
9.051129e-01
9.063103e-01
9.074936e-01
9.086629e-01
9.098184e-01
9.109603e-01
9.120885e-01
9.132034e-01
9.143049e-01
9.153934e-01
9.164689e-01
9.175315e-01
9.185814e-01
9.196187e-01
9.206436e-01
9.216561e-01
9.226565e-01
9.236448e-01
9.246212e-01
9.255859e-01
9.265388e-01
9.274802e-01
9.284102e-01
9.293289e-01
9.302364e-01
9.311329e-01
9.320185e-01
9.328933e-01
9.337574e-01
9.346108e-01
9.354540e-01
9.362867e-01
9.371092e-01
9.379216e-01
9.387241e-01
9.395167e-01
9.402995e-01
9.410726e-01
9.418362e-01
9.425904e-01
9.433352e-01
9.440708e-01
9.447973e-01
9.455148e-01
9.462234e-01
9.469231e-01
9.476142e-01
9.482966e-01
9.489706e-01
9.496361e-01
9.502933e-01
9.509423e-01
9.515831e-01
9.522160e-01
9.528409e-01
9.534580e-01
9.540673e-01
9.546689e-01
9.552630e-01
9.558496e-01
9.564288e-01
9.570007e-01
9.575654e-01
9.581230e-01
9.586735e-01
9.592170e-01
9.597537e-01
9.602835e-01
9.608067e-01
9.613231e-01
9.618331e-01
9.623365e-01
9.628336e-01
9.633243e-01
9.638088e-01
9.642870e-01
9.647592e-01
9.652253e-01
9.656855e-01
9.661399e-01
9.665884e-01
9.670311e-01
9.674682e-01
9.678997e-01
9.683256e-01
9.687461e-01
9.691611e-01
9.695708e-01
9.699753e-01
9.703745e-01
9.707686e-01
9.711577e-01
9.715416e-01
9.719207e-01
9.722949e-01
9.726642e-01
9.730287e-01
9.733886e-01
9.737437e-01
9.740943e-01
9.744403e-01
9.747818e-01
9.751189e-01
9.754516e-01
9.757800e-01
9.761041e-01
9.764240e-01
9.767398e-01
9.770514e-01
9.773590e-01
9.776626e-01
9.779621e-01
9.782578e-01
9.785497e-01
9.788377e-01
9.791219e-01
9.794025e-01
9.796793e-01
9.799526e-01
9.802222e-01
9.804884e-01
9.807510e-01
9.810102e-01
9.812660e-01
9.815184e-01
9.817675e-01
9.820133e-01
9.822559e-01
9.824954e-01
9.827316e-01
9.829648e-01
9.831948e-01
9.834219e-01
9.836459e-01
9.838670e-01
9.840851e-01
9.843004e-01
9.845129e-01
9.847225e-01
9.849294e-01
9.851335e-01
9.853349e-01
9.855337e-01
9.857298e-01
9.859233e-01
9.861143e-01
9.863027e-01
9.864886e-01
9.866720e-01
9.868531e-01
9.870316e-01
9.872079e-01
9.873818e-01
9.875534e-01
9.877226e-01
9.878896e-01
9.880545e-01
9.882171e-01
9.883776e-01
9.885359e-01
9.886920e-01
9.888462e-01
9.889982e-01
9.891482e-01
9.892963e-01
9.894423e-01
9.895864e-01
9.897285e-01
9.898688e-01
9.900072e-01
9.901437e-01
9.902784e-01
9.904112e-01
9.905424e-01
9.906717e-01
9.907993e-01
9.909252e-01
9.910494e-01
9.911720e-01
9.912928e-01
9.914121e-01
9.915298e-01
9.916458e-01
9.917604e-01
9.918733e-01
9.919848e-01
9.920948e-01
9.922032e-01
9.923102e-01
9.924158e-01
9.925199e-01
9.926227e-01
9.927240e-01
9.928240e-01
9.929226e-01
9.930199e-01
9.931159e-01
9.932106e-01
9.933040e-01
9.933962e-01
9.934871e-01
9.935767e-01
9.936652e-01
9.937524e-01
9.938385e-01
9.939234e-01
9.940072e-01
9.940898e-01
9.941713e-01
9.942517e-01
9.943309e-01
9.944092e-01
9.944863e-01
9.945624e-01
9.946375e-01
9.947116e-01
9.947847e-01
9.948567e-01
9.949278e-01
9.949979e-01
9.950671e-01
9.951353e-01
9.952026e-01
9.952689e-01
9.953344e-01
9.953990e-01
9.954627e-01
9.955255e-01
9.955875e-01
9.956486e-01
9.957089e-01
9.957684e-01
9.958270e-01
9.958848e-01
9.959419e-01
9.959982e-01
9.960537e-01
9.961085e-01
9.961625e-01
9.962157e-01
9.962683e-01
9.963201e-01
9.963712e-01
9.964216e-01
9.964713e-01
9.965203e-01
9.965687e-01
9.966164e-01
9.966635e-01
9.967098e-01
9.967556e-01
9.968007e-01
9.968452e-01
9.968892e-01
9.969324e-01
9.969752e-01
9.970173e-01
9.970589e-01
9.970998e-01
9.971402e-01
9.971800e-01
9.972194e-01
9.972581e-01
9.972964e-01
9.973341e-01
9.973713e-01
9.974079e-01
9.974441e-01
9.974798e-01
9.975150e-01
9.975497e-01
9.975839e-01
9.976176e-01
9.976509e-01
9.976837e-01
9.977161e-01
9.977480e-01
9.977794e-01
9.978105e-01
9.978411e-01
9.978713e-01
9.979011e-01
9.979305e-01
9.979594e-01
9.979879e-01
9.980161e-01
9.980439e-01
9.980713e-01
9.980983e-01
9.981249e-01
9.981512e-01
9.981771e-01
9.982026e-01
9.982278e-01
9.982527e-01
9.982772e-01
9.983013e-01
9.983251e-01
9.983487e-01
9.983718e-01
9.983947e-01
9.984172e-01
9.984394e-01
9.984613e-01
9.984829e-01
9.985042e-01
9.985252e-01
9.985459e-01
9.985663e-01
9.985865e-01
9.986064e-01
9.986259e-01
9.986452e-01
9.986643e-01
9.986831e-01
9.987016e-01
9.987199e-01
9.987379e-01
9.987556e-01
9.987732e-01
9.987904e-01
9.988074e-01
9.988242e-01
9.988408e-01
9.988571e-01
9.988732e-01
9.988891e-01
9.989047e-01
9.989201e-01
9.989354e-01
9.989504e-01
9.989652e-01
9.989797e-01
9.989942e-01
9.990084e-01
9.990223e-01
9.990361e-01
9.990497e-01
9.990631e-01
9.990764e-01
9.990894e-01
9.991022e-01
9.991149e-01
9.991274e-01
9.991397e-01
9.991519e-01
9.991639e-01
9.991757e-01
9.991874e-01
9.991988e-01
9.992101e-01
9.992213e-01
9.992323e-01
9.992432e-01
9.992539e-01
9.992644e-01
9.992748e-01
9.992851e-01
9.992952e-01
9.993052e-01
9.993150e-01
9.993247e-01
9.993343e-01
9.993437e-01
9.993530e-01
9.993622e-01
9.993712e-01
9.993801e-01
9.993889e-01
9.993975e-01
9.994061e-01
9.994145e-01
9.994228e-01
9.994310e-01
9.994391e-01
9.994470e-01
9.994549e-01
9.994626e-01
9.994702e-01
9.994777e-01
9.994851e-01
9.994924e-01
9.994996e-01
9.995067e-01
9.995137e-01
9.995207e-01
9.995275e-01
9.995342e-01
9.995408e-01
9.995473e-01
9.995537e-01
9.995601e-01
9.995663e-01
9.995725e-01
9.995786e-01
9.995846e-01
9.995905e-01
9.995963e-01
9.996020e-01
9.996077e-01
9.996133e-01
9.996188e-01
9.996242e-01
9.996296e-01
9.996348e-01
9.996400e-01
9.996451e-01
9.996502e-01
9.996552e-01
9.996601e-01
9.996649e-01
9.996697e-01
9.996744e-01
9.996790e-01
9.996836e-01
9.996881e-01
9.996926e-01
9.996969e-01
9.997013e-01
9.997055e-01
9.997097e-01
9.997138e-01
9.997180e-01
9.997219e-01
9.997259e-01
9.997298e-01
9.997337e-01
9.997375e-01
9.997413e-01
9.997450e-01
9.997486e-01
9.997522e-01
9.997557e-01
9.997592e-01
9.997626e-01
9.997660e-01
9.997693e-01
9.997727e-01
9.997759e-01
9.997791e-01
9.997823e-01
9.997854e-01
9.997884e-01
9.997914e-01
9.997944e-01
9.997973e-01
9.998003e-01
9.998031e-01
9.998059e-01
9.998087e-01
9.998115e-01
9.998142e-01
9.998168e-01
9.998194e-01
9.998220e-01
9.998246e-01
9.998271e-01
9.998295e-01
9.998320e-01
9.998344e-01
9.998367e-01
9.998391e-01
9.998414e-01
9.998437e-01
9.998459e-01
9.998481e-01
9.998503e-01
9.998524e-01
9.998546e-01
9.998567e-01
9.998587e-01
9.998607e-01
9.998627e-01
9.998647e-01
9.998666e-01
9.998685e-01
9.998704e-01
9.998723e-01
9.998741e-01
9.998759e-01
9.998777e-01
9.998794e-01
9.998811e-01
9.998829e-01
9.998845e-01
9.998862e-01
9.998878e-01
9.998894e-01
9.998910e-01
9.998926e-01
9.998941e-01
9.998957e-01
9.998972e-01
9.998987e-01
9.999001e-01
9.999015e-01
9.999030e-01
9.999043e-01
9.999057e-01
9.999071e-01
9.999084e-01
9.999098e-01
9.999110e-01
9.999123e-01
9.999136e-01
9.999148e-01
9.999160e-01
9.999173e-01
9.999185e-01
9.999196e-01
9.999208e-01
9.999219e-01
9.999231e-01
9.999241e-01
9.999252e-01
9.999263e-01
9.999273e-01
9.999284e-01
9.999294e-01
9.999304e-01
9.999315e-01
9.999325e-01
9.999334e-01
9.999344e-01
9.999353e-01
9.999362e-01
9.999372e-01
9.999381e-01
9.999390e-01
9.999399e-01
9.999407e-01
9.999416e-01
9.999424e-01
9.999433e-01
9.999440e-01
9.999449e-01
9.999456e-01
9.999464e-01
9.999472e-01
9.999480e-01
9.999487e-01
9.999495e-01
9.999502e-01
9.999509e-01
9.999516e-01
9.999523e-01
9.999530e-01
9.999537e-01
9.999543e-01
9.999550e-01
9.999557e-01
9.999563e-01
9.999569e-01
9.999576e-01
9.999582e-01
9.999588e-01
9.999593e-01
9.999599e-01
9.999605e-01
9.999611e-01
9.999617e-01
9.999622e-01
9.999627e-01
9.999633e-01
9.999638e-01
9.999644e-01
9.999649e-01
9.999654e-01
9.999658e-01
9.999664e-01
9.999669e-01
9.999673e-01
9.999678e-01
9.999683e-01
9.999687e-01
9.999692e-01
9.999696e-01
9.999701e-01
9.999705e-01
9.999709e-01
9.999713e-01
9.999717e-01
9.999722e-01
9.999726e-01
9.999730e-01
9.999734e-01
9.999738e-01
9.999741e-01
9.999745e-01
9.999748e-01
9.999753e-01
9.999756e-01
9.999759e-01
9.999763e-01
9.999766e-01
9.999770e-01
9.999773e-01
9.999776e-01
9.999779e-01
9.999783e-01
9.999786e-01
9.999789e-01
9.999792e-01
9.999795e-01
9.999798e-01
9.999801e-01
9.999804e-01
9.999807e-01
9.999809e-01
9.999812e-01
9.999815e-01
9.999818e-01
9.999821e-01
9.999823e-01
9.999825e-01
9.999828e-01
9.999831e-01
9.999833e-01
9.999835e-01
9.999838e-01
9.999840e-01
9.999843e-01
9.999845e-01
9.999847e-01
9.999849e-01
9.999852e-01
9.999853e-01
9.999856e-01
9.999858e-01
9.999860e-01
9.999862e-01
9.999864e-01
9.999866e-01
9.999868e-01
9.999870e-01
9.999872e-01
9.999874e-01
9.999875e-01
9.999877e-01
9.999879e-01
9.999881e-01
9.999883e-01
9.999884e-01
9.999886e-01
9.999887e-01
9.999889e-01
9.999891e-01
9.999892e-01
9.999894e-01
9.999896e-01
9.999897e-01
9.999899e-01
9.999900e-01
9.999902e-01
9.999903e-01
9.999904e-01
9.999906e-01
9.999907e-01
9.999908e-01
9.999909e-01
9.999911e-01
9.999912e-01
9.999914e-01
9.999915e-01
9.999916e-01
9.999917e-01
9.999918e-01
9.999920e-01
9.999921e-01
9.999922e-01
9.999923e-01
9.999924e-01
9.999925e-01
9.999927e-01
9.999927e-01
9.999928e-01
9.999930e-01
9.999931e-01
9.999931e-01
9.999933e-01
9.999934e-01
9.999934e-01
9.999936e-01
9.999936e-01
9.999937e-01
9.999939e-01
9.999939e-01
9.999940e-01
9.999941e-01
9.999942e-01
9.999943e-01
9.999943e-01
9.999945e-01
9.999945e-01
9.999946e-01
9.999947e-01
9.999948e-01
9.999948e-01
9.999949e-01
9.999950e-01
9.999951e-01
9.999951e-01
9.999952e-01
9.999953e-01
9.999954e-01
9.999954e-01
9.999955e-01
9.999955e-01
9.999956e-01
9.999956e-01
9.999957e-01
9.999958e-01
9.999958e-01
9.999959e-01
9.999959e-01
9.999960e-01
9.999961e-01
9.999961e-01
