9.999797e-01
9.998576e-01
9.996135e-01
9.992476e-01
9.987600e-01
9.981509e-01
9.974207e-01
9.965696e-01
9.955981e-01
9.945068e-01
9.932960e-01
9.919664e-01
9.905187e-01
9.889535e-01
9.872715e-01
9.854737e-01
9.835608e-01
9.815338e-01
9.793935e-01
9.771412e-01
9.747777e-01
9.723043e-01
9.697220e-01
9.670321e-01
9.642358e-01
9.613345e-01
9.583294e-01
9.552221e-01
9.520137e-01
9.487059e-01
9.453000e-01
9.417977e-01
9.382006e-01
9.345101e-01
9.307280e-01
9.268559e-01
9.228954e-01
9.188484e-01
9.147165e-01
9.105015e-01
9.062053e-01
9.018295e-01
8.973761e-01
8.928468e-01
8.882436e-01
8.835683e-01
8.788229e-01
8.740091e-01
8.691290e-01
8.641845e-01
8.591774e-01
8.541098e-01
8.489835e-01
8.438006e-01
8.385629e-01
8.332725e-01
8.279311e-01
8.225409e-01
8.171037e-01
8.116216e-01
8.060963e-01
8.005299e-01
7.949242e-01
7.892812e-01
7.836028e-01
7.778907e-01
7.721471e-01
7.663735e-01
7.605720e-01
7.547444e-01
7.488923e-01
7.430177e-01
7.371224e-01
7.312080e-01
7.252764e-01
7.193292e-01
7.133681e-01
7.073948e-01
7.014109e-01
6.954181e-01
6.894180e-01
6.834121e-01
6.774021e-01
6.713894e-01
6.653755e-01
6.593619e-01
6.533501e-01
6.473415e-01
6.413375e-01
6.353393e-01
6.293485e-01
6.233663e-01
6.173940e-01
6.114327e-01
6.054839e-01
5.995486e-01
5.936281e-01
5.877234e-01
5.818357e-01
5.759661e-01
5.701156e-01
5.642853e-01
5.584762e-01
5.526891e-01
5.469251e-01
5.411851e-01
5.354699e-01
5.297806e-01
5.241177e-01
5.184822e-01
5.128748e-01
5.072963e-01
5.017474e-01
4.962289e-01
4.907413e-01
4.852853e-01
4.798615e-01
4.744705e-01
4.691130e-01
4.637894e-01
4.585002e-01
4.532460e-01
4.480272e-01
4.428443e-01
4.376976e-01
4.325877e-01
4.275149e-01
4.224795e-01
4.174818e-01
4.125223e-01
4.076012e-01
4.027187e-01
3.978751e-01
3.930708e-01
3.883058e-01
3.835803e-01
3.788947e-01
3.742489e-01
3.696433e-01
3.650778e-01
3.605527e-01
3.560680e-01
3.516237e-01
3.472201e-01
3.428570e-01
3.385347e-01
3.342530e-01
3.300119e-01
3.258116e-01
3.216519e-01
3.175329e-01
3.134545e-01
3.094166e-01
3.054192e-01
3.014622e-01
2.975455e-01
2.936690e-01
2.898327e-01
2.860363e-01
2.822798e-01
2.785631e-01
2.748860e-01
2.712482e-01
2.676498e-01
2.640904e-01
2.605700e-01
2.570884e-01
2.536453e-01
2.502406e-01
2.468740e-01
2.435454e-01
2.402545e-01
2.370011e-01
2.337851e-01
2.306060e-01
2.274639e-01
2.243583e-01
2.212890e-01
2.182558e-01
2.152585e-01
2.122968e-01
2.093703e-01
2.064790e-01
2.036224e-01
2.008004e-01
1.980126e-01
1.952588e-01
1.925387e-01
1.898521e-01
1.871985e-01
1.845779e-01
1.819899e-01
1.794341e-01
1.769104e-01
1.744184e-01
1.719578e-01
1.695284e-01
1.671299e-01
1.647619e-01
1.624242e-01
1.601165e-01
1.578385e-01
1.555900e-01
1.533705e-01
1.511799e-01
1.490178e-01
1.468839e-01
1.447781e-01
1.426998e-01
1.406490e-01
1.386253e-01
1.366283e-01
1.346579e-01
1.327138e-01
1.307955e-01
1.289030e-01
1.270358e-01
1.251937e-01
1.233765e-01
1.215838e-01
1.198154e-01
1.180709e-01
1.163502e-01
1.146530e-01
1.129789e-01
1.113277e-01
1.096992e-01
1.080930e-01
1.065090e-01
1.049468e-01
1.034062e-01
1.018869e-01
1.003887e-01
9.891129e-02
9.745447e-02
9.601796e-02
9.460151e-02
9.320489e-02
9.182784e-02
9.047012e-02
8.913149e-02
8.781171e-02
8.651055e-02
8.522777e-02
8.396313e-02
8.271641e-02
8.148738e-02
8.027581e-02
7.908148e-02
7.790417e-02
7.674366e-02
7.559973e-02
7.447216e-02
7.336073e-02
7.226526e-02
7.118551e-02
7.012128e-02
6.907237e-02
6.803858e-02
6.701971e-02
6.601556e-02
6.502592e-02
6.405061e-02
6.308944e-02
6.214221e-02
6.120874e-02
6.028884e-02
5.938233e-02
5.848902e-02
5.760875e-02
5.674132e-02
5.588656e-02
5.504431e-02
5.421438e-02
5.339662e-02
5.259085e-02
5.179690e-02
5.101462e-02
5.024384e-02
4.948440e-02
4.873614e-02
4.799892e-02
4.727257e-02
4.655694e-02
4.585189e-02
4.515726e-02
4.447290e-02
4.379869e-02
4.313446e-02
4.248008e-02
4.183541e-02
4.120032e-02
4.057466e-02
3.995831e-02
3.935112e-02
3.875298e-02
3.816375e-02
3.758330e-02
3.701151e-02
3.644826e-02
3.589341e-02
3.534686e-02
3.480848e-02
3.427815e-02
3.375577e-02
3.324120e-02
3.273436e-02
3.223510e-02
3.174334e-02
3.125896e-02
3.078185e-02
3.031191e-02
2.984904e-02
2.939312e-02
2.894407e-02
2.850178e-02
2.806614e-02
2.763707e-02
2.721447e-02
2.679824e-02
2.638829e-02
2.598453e-02
2.558686e-02
2.519521e-02
2.480947e-02
2.442956e-02
2.405540e-02
2.368690e-02
2.332397e-02
2.296655e-02
2.261453e-02
2.226785e-02
2.192643e-02
2.159018e-02
2.125903e-02
2.093291e-02
2.061174e-02
2.029544e-02
1.998395e-02
1.967719e-02
1.937509e-02
1.907759e-02
1.878461e-02
1.849609e-02
1.821196e-02
1.793215e-02
1.765660e-02
1.738525e-02
1.711804e-02
1.685489e-02
1.659576e-02
1.634058e-02
1.608928e-02
1.584183e-02
1.559815e-02
1.535818e-02
1.512188e-02
1.488919e-02
1.466006e-02
1.443442e-02
1.421223e-02
1.399344e-02
1.377799e-02
1.356583e-02
1.335693e-02
1.315121e-02
1.294865e-02
1.274918e-02
1.255277e-02
1.235936e-02
1.216892e-02
1.198139e-02
1.179673e-02
1.161491e-02
1.143587e-02
1.125957e-02
1.108598e-02
1.091505e-02
1.074674e-02
1.058101e-02
1.041782e-02
1.025714e-02
1.009892e-02
9.943131e-03
9.789734e-03
9.638691e-03
9.489968e-03
9.343529e-03
9.199339e-03
9.057363e-03
8.917570e-03
8.779923e-03
8.644394e-03
8.510946e-03
8.379550e-03
8.250174e-03
8.122788e-03
7.997360e-03
7.873862e-03
7.752263e-03
7.632535e-03
7.514649e-03
7.398576e-03
7.284291e-03
7.171764e-03
7.060970e-03
6.951881e-03
6.844471e-03
6.738716e-03
6.634589e-03
6.532066e-03
6.431121e-03
6.331732e-03
6.233874e-03
6.137524e-03
6.042658e-03
5.949255e-03
5.857291e-03
5.766744e-03
5.677593e-03
5.589817e-03
5.503393e-03
5.418302e-03
5.334524e-03
5.252037e-03
5.170823e-03
5.090861e-03
5.012133e-03
4.934619e-03
4.858301e-03
4.783160e-03
4.709179e-03
4.636339e-03
4.564623e-03
4.494015e-03
4.424496e-03
4.356050e-03
4.288661e-03
4.222312e-03
4.156987e-03
4.092671e-03
4.029348e-03
3.967002e-03
3.905620e-03
3.845186e-03
3.785684e-03
3.727102e-03
3.669425e-03
3.612639e-03
3.556730e-03
3.501684e-03
3.447490e-03
3.394132e-03
3.341599e-03
3.289877e-03
3.238955e-03
3.188820e-03
3.139460e-03
3.090862e-03
3.043016e-03
2.995909e-03
2.949530e-03
2.903868e-03
2.858912e-03
2.814651e-03
2.771075e-03
2.728172e-03
2.685932e-03
2.644346e-03
2.603403e-03
2.563092e-03
2.523405e-03
2.484332e-03
2.445864e-03
2.407990e-03
2.370701e-03
2.333990e-03
2.297847e-03
2.262262e-03
2.227228e-03
2.192736e-03
2.158777e-03
2.125344e-03
2.092428e-03
2.060022e-03
2.028116e-03
1.996705e-03
1.965779e-03
1.935332e-03
1.905356e-03
1.875844e-03
1.846789e-03
1.818183e-03
1.790020e-03
1.762293e-03
1.734994e-03
1.708119e-03
1.681659e-03
1.655609e-03
1.629962e-03
1.604712e-03
1.579853e-03
1.555379e-03
1.531283e-03
1.507561e-03
1.484206e-03
1.461212e-03
1.438574e-03
1.416287e-03
1.394345e-03
1.372742e-03
1.351475e-03
1.330536e-03
1.309921e-03
1.289626e-03
1.269645e-03
1.249973e-03
1.230606e-03
1.211539e-03
1.192767e-03
1.174286e-03
1.156090e-03
1.138177e-03
1.120541e-03
1.103178e-03
1.086085e-03
1.069255e-03
1.052687e-03
1.036375e-03
1.020316e-03
1.004505e-03
9.889393e-04
9.736146e-04
9.585274e-04
9.436738e-04
9.290503e-04
9.146533e-04
9.004793e-04
8.865249e-04
8.727866e-04
8.592611e-04
8.459451e-04
8.328354e-04
8.199288e-04
8.072221e-04
7.947123e-04
7.823962e-04
7.702709e-04
7.583335e-04
7.465811e-04
7.350107e-04
7.236195e-04
7.124048e-04
7.013638e-04
6.904940e-04
6.797925e-04
6.692568e-04
6.588844e-04
6.486726e-04
6.386191e-04
6.287214e-04
6.189769e-04
6.093835e-04
5.999387e-04
5.906403e-04
5.814859e-04
5.724734e-04
5.636005e-04
5.548652e-04
5.462651e-04
5.377983e-04
5.294628e-04
5.212563e-04
5.131771e-04
5.052230e-04
4.973922e-04
4.896827e-04
4.820927e-04
4.746203e-04
4.672638e-04
4.600212e-04
4.528908e-04
4.458710e-04
4.389599e-04
4.321559e-04
4.254574e-04
4.188627e-04
4.123701e-04
4.059782e-04
3.996854e-04
3.934901e-04
3.873908e-04
3.813860e-04
3.754742e-04
3.696541e-04
3.639242e-04
3.582831e-04
3.527294e-04
3.472618e-04
3.418789e-04
3.365795e-04
3.313622e-04
3.262257e-04
3.211689e-04
3.161904e-04
3.112891e-04
3.064637e-04
3.017132e-04
2.970362e-04
2.924318e-04
2.878987e-04
2.834359e-04
2.790422e-04
2.747166e-04
2.704581e-04
2.662656e-04
2.621381e-04
2.580745e-04
2.540740e-04
2.501354e-04
2.462579e-04
2.424405e-04
2.386823e-04
2.349823e-04
2.313396e-04
2.277535e-04
2.242229e-04
2.207470e-04
2.173250e-04
2.139561e-04
2.106393e-04
2.073740e-04
2.041593e-04
2.009944e-04
1.978786e-04
1.948111e-04
1.917911e-04
1.888179e-04
1.858908e-04
1.830091e-04
1.801721e-04
1.773790e-04
1.746293e-04
1.719221e-04
1.692569e-04
1.666331e-04
1.640499e-04
1.615067e-04
1.590030e-04
1.565381e-04
1.541114e-04
1.517223e-04
1.493702e-04
1.470546e-04
1.447749e-04
1.425305e-04
1.403210e-04
1.381456e-04
1.360040e-04
1.338956e-04
1.318199e-04
1.297764e-04
1.277645e-04
1.257838e-04
1.238338e-04
1.219141e-04
1.200241e-04
1.181634e-04
1.163316e-04
1.145281e-04
1.127526e-04
1.110047e-04
1.092838e-04
1.075896e-04
1.059216e-04
1.042796e-04
1.026629e-04
1.010714e-04
9.950450e-05
9.796190e-05
9.644321e-05
9.494807e-05
9.347610e-05
9.202696e-05
9.060028e-05
8.919572e-05
8.781292e-05
8.645157e-05
8.511132e-05
8.379185e-05
8.249283e-05
8.121395e-05
7.995489e-05
7.871535e-05
7.749503e-05
7.629363e-05
7.511085e-05
7.394641e-05
7.280002e-05
7.167140e-05
7.056027e-05
6.946638e-05
6.838944e-05
6.732919e-05
6.628539e-05
6.525776e-05
6.424607e-05
6.325005e-05
6.226948e-05
6.130411e-05
6.035371e-05
5.941804e-05
5.849688e-05
5.758999e-05
5.669717e-05
5.581818e-05
5.495283e-05
5.410088e-05
5.326215e-05
5.243642e-05
5.162349e-05
5.082316e-05
5.003524e-05
4.925954e-05
4.849585e-05
4.774402e-05
4.700383e-05
4.627512e-05
4.555771e-05
4.485141e-05
4.415607e-05
4.347151e-05
4.279756e-05
4.213406e-05
4.148085e-05
4.083776e-05
4.020464e-05
3.958134e-05
3.896770e-05
3.836357e-05
3.776881e-05
3.718327e-05
3.660681e-05
3.603928e-05
3.548056e-05
3.493049e-05
3.438896e-05
3.385581e-05
3.333093e-05
3.281419e-05
3.230547e-05
3.180462e-05
3.131155e-05
3.082612e-05
3.034821e-05
2.987771e-05
2.941450e-05
2.895848e-05
2.850953e-05
2.806753e-05
2.763239e-05
2.720400e-05
2.678225e-05
2.636703e-05
2.595825e-05
2.555581e-05
2.515961e-05
2.476955e-05
2.438554e-05
2.400748e-05
2.363529e-05
2.326886e-05
2.290811e-05
2.255296e-05
2.220331e-05
2.185909e-05
2.152020e-05
2.118656e-05
2.085810e-05
2.053472e-05
2.021637e-05
1.990294e-05
1.959438e-05
1.929060e-05
1.899153e-05
1.869710e-05
1.840723e-05
1.812185e-05
1.784090e-05
1.756431e-05
1.729200e-05
1.702391e-05
1.675998e-05
1.650015e-05
1.624434e-05
1.599250e-05
1.574456e-05
1.550046e-05
1.526015e-05
1.502357e-05
1.479065e-05
1.456134e-05
1.433559e-05
1.411334e-05
1.389454e-05
1.367912e-05
1.346705e-05
1.325826e-05
1.305271e-05
1.285035e-05
1.265113e-05
1.245499e-05
1.226189e-05
1.207179e-05
1.188464e-05
1.170038e-05
1.151899e-05
1.134040e-05
1.116459e-05
1.099150e-05
1.082109e-05
1.065333e-05
1.048816e-05
1.032556e-05
1.016548e-05
1.000788e-05
9.852721e-06
9.699969e-06
9.549586e-06
9.401534e-06
9.255778e-06
9.112281e-06
8.971008e-06
8.831927e-06
8.695001e-06
8.560198e-06
8.427485e-06
8.296829e-06
8.168199e-06
8.041564e-06
7.916891e-06
7.794152e-06
7.673315e-06
7.554352e-06
7.437233e-06
7.321930e-06
7.208414e-06
7.096658e-06
6.986636e-06
6.878318e-06
6.771680e-06
6.666695e-06
6.563338e-06
6.461583e-06
6.361406e-06
6.262782e-06
6.165687e-06
6.070097e-06
5.975989e-06
5.883340e-06
5.792127e-06
5.702329e-06
5.613923e-06
5.526887e-06
5.441201e-06
5.356844e-06
5.273794e-06
5.192031e-06
5.111537e-06
5.032290e-06
4.954271e-06
4.877463e-06
4.801845e-06
4.727399e-06
4.654108e-06
4.581953e-06
4.510916e-06
4.440981e-06
4.372130e-06
4.304347e-06
4.237615e-06
4.171916e-06
4.107237e-06
4.043560e-06
3.980871e-06
3.919153e-06
3.858393e-06
3.798574e-06
3.739683e-06
3.681704e-06
3.624625e-06
3.568430e-06
3.513107e-06
3.458641e-06
3.405020e-06
3.352230e-06
3.300259e-06
3.249093e-06
3.198721e-06
3.149129e-06
3.100307e-06
3.052241e-06
3.004920e-06
2.958333e-06
2.912469e-06
2.867315e-06
2.822862e-06
2.779097e-06
2.736012e-06
2.693594e-06
2.651833e-06
2.610721e-06
2.570245e-06
2.530397e-06
2.491167e-06
2.452545e-06
2.414522e-06
2.377089e-06
2.340235e-06
2.303953e-06
2.268234e-06
2.233068e-06
2.198448e-06
2.164364e-06
2.130809e-06
2.097773e-06
2.065251e-06
2.033232e-06
2.001710e-06
1.970676e-06
1.940123e-06
1.910045e-06
1.880432e-06
1.851279e-06
1.822577e-06
1.794321e-06
1.766503e-06
1.739116e-06
1.712153e-06
1.685609e-06
1.659476e-06
1.633748e-06
1.608419e-06
1.583483e-06
1.558933e-06
1.534764e-06
1.510970e-06
1.487545e-06
1.464482e-06
1.441778e-06
1.419425e-06
1.397419e-06
1.375754e-06
1.354425e-06
1.333426e-06
1.312754e-06
1.292401e-06
1.272364e-06
1.252638e-06
1.233218e-06
1.214099e-06
1.195276e-06
1.176745e-06
1.158501e-06
1.140540e-06
1.122858e-06
1.105450e-06
1.088311e-06
1.071438e-06
1.054827e-06
1.038474e-06
1.022374e-06
1.006523e-06
9.909186e-07
9.755558e-07
9.604312e-07
9.455412e-07
9.308819e-07
9.164499e-07
9.022417e-07
8.882537e-07
8.744826e-07
8.609251e-07
8.475777e-07
8.344372e-07
8.215004e-07
8.087642e-07
7.962255e-07
7.838812e-07
7.717283e-07
7.597637e-07
7.479847e-07
7.363882e-07
7.249716e-07
7.137320e-07
7.026666e-07
6.917728e-07
6.810478e-07
6.704892e-07
6.600942e-07
6.498604e-07
6.397852e-07
6.298663e-07
6.201011e-07
6.104873e-07
6.010226e-07
5.917046e-07
5.825311e-07
5.734998e-07
5.646085e-07
5.558551e-07
5.472373e-07
5.387532e-07
5.304006e-07
5.221775e-07
5.140819e-07
5.061118e-07
4.982653e-07
4.905404e-07
4.829353e-07
4.754481e-07
4.680769e-07
4.608200e-07
4.536757e-07
