9	0	2	8	96	6869	0	8738
5	3	0	14	32	2140	2170	0
9	9	0	8	160	10309	11896	0
3	3	2	8	224	6053	6042	8962
9	6	2	8	224	15142	15157	18478
5	6	0	14	224	17966	19576	0
7	9	4	14	32	1652	4600	7518
1	0	4	2	96	557	0	638
9	0	0	14	32	2132	0	0
3	9	2	2	32	305	892	1038
3	3	4	2	32	305	552	738
3	0	2	8	96	2657	0	4562
1	6	2	14	32	818	3036	5918
3	9	0	8	160	4250	11848	0
9	6	4	2	160	1680	1920	2558
1	0	4	8	96	1230	0	3238
3	9	4	8	96	2755	7236	9382
5	3	0	8	96	4276	4267	0
5	6	4	14	224	17966	19576	28954
3	6	0	14	224	10925	19552	0
7	0	2	14	160	15765	0	20378
3	9	0	2	96	589	1280	0
3	9	0	14	160	7519	21208	0
1	0	2	2	160	618	0	682
3	9	0	14	32	1583	4488	0
1	3	2	8	160	1641	4016	6594
3	3	4	8	224	5945	5934	10842
1	6	2	2	160	702	1656	2142
9	9	4	8	224	15857	16508	21942
9	3	4	2	160	1791	1740	2318
5	3	2	8	32	1241	1223	2758
9	3	0	14	160	20877	20916	0
7	3	2	2	96	878	916	1230
5	0	4	8	96	3976	0	5982
3	6	4	14	224	10925	19552	29090
5	9	4	14	96	7507	13112	17118
5	0	0	8	224	7943	0	0
7	3	0	14	160	15921	15960	0
9	0	4	8	32	1128	0	2658
1	6	0	2	32	261	732	0
1	6	4	2	160	702	1656	2422
9	9	2	14	160	23073	23196	27662
1	0	2	8	224	2201	0	5062
7	6	0	14	160	15921	16002	0
9	0	4	8	160	10421	0	13402
9	9	0	8	96	6593	7292	0
7	0	0	8	32	880	0	0
1	9	0	14	160	2773	21176	0
3	0	4	2	160	878	0	1194
9	3	0	14	96	13387	13426	0
9	3	0	2	32	540	754	0
3	9	2	14	160	7519	21208	25738
7	9	2	2	96	918	1636	1698
5	0	2	8	224	9822	0	12702
5	0	4	8	224	9970	0	14698
5	3	0	8	32	1241	1223	0
3	6	2	8	224	5945	10976	14102
7	6	0	14	32	1652	3148	0
1	3	0	2	224	658	1420	0
1	6	4	2	96	601	880	1342
3	0	2	8	224	5957	0	8442
9	9	4	14	96	13415	13538	17302
7	3	0	2	224	2682	2625	0
3	6	0	14	32	1583	3036	0
7	3	4	2	160	1419	1362	1990
9	9	0	2	160	1680	2500	0
3	3	2	2	96	562	808	1070
1	9	2	14	32	818	4488	7358
9	0	4	14	224	30959	0	39862
9	6	0	8	224	15174	15189	0

